Vl

11010 1, 80111, 11. 418. 11, 888.
11000010, 100. v, 400.
11011000 111, 810.

1100101110 11, 10.

11001100 agmina 11, 881 sq. ι .

¹ 1100100001 triumphus 11, 808.

1010010101, 10.

Medi V, 141.

Medica 0111011, 1.

11010010 (Melzi) 11, 81.

Memnonias 111, 408. 1, 148.
Memphis 1, 81. 101. 848. 880111, 88.

111, 88.

Mentha 11001, 80. ci. 801000 (110·
1000) 1111, 18. 40. 118111, 818.

11111011, iia

Moab 111, 810.

Moesi Vl, 811.

Molorchus 111, 818. 408.

Molossus 1, 880111, 4.

Montanus 11, 808.

1100110 villa 11, 18. Montius 11, 800.

Morari 111, 818.

Morino V, 888.

110101 Tyrius IV, 811.

1100100100 111, 108. 11, 811.

Ν.

1101011, 440.

Nannaaa 111, 181.

1100010οο matres lx, 188. 11010101
1, 1. 48. 11, 1. 11, 880. 1111, 881.
IX, 00.

Nazareth 111, 11. 111, 800.

1110101000 001110 11, 10. pagus 188.
110101ίο0 matres 111, 801. 811.
11, 8. hus 188. 11. 411.

110001100011,188.1,118. 11188181.

1101001000111, 841.

1101011011 1, 188.

Nccmcnia 1, 11.

Niliacus 1, 180.

8111001, 11. 814. 1111, 101.

1101101010 111, 881.

- 0110101011, 010.

Odrysius tyrannum 111, 880.

0000001100 111,,181.

Olympus 1, 81. 808. 11, 818. 111, 114.
88011, 88. 1, 819.

κ orcus 11, 00. 1111001. 110. 001.

88011, 1. 1111, 18. 188.
0101110111, 164.
0101011, 411.
01010001, 800.
01001001, 814.
orpha 11, 110.
Oscula justitias 00 pacis 11, 888.
001011, 118.

Ρ.

Padus V, 108. 111, 81.
Palaestina 11, 88. 111, 818. 11, 181.
111,111.’

Pamphilia IV, 848.

Pannonia 1, 11. 11, 818. 1000001-
cus V, 818.

Pani-har 11,. 818.

Paradisus V, 41. 111, 8.

1010111111, 181. ,

Parthenia alma 1, 1. 818. 880111.
11, 88. 11, 818188. 11,110.
800. 111, 88. lx, 114 tristissima
101. 888. 888.

Parthenope V, 401.

Pastorius 11, 881.

Pellaeus aruspex 111, 188.

Parsis 111, 1081111, 81.

cernuum 1v, 100. ’

Phuntuac 111, 181.

Pharia caiigo 1111, 18.

Pharius, 101100 phariae 1, 8. regia
pharia 84. palla 181. molieris 888.
pharius phaliscus 881. 888. 00110-
pus 111, 81. phariae 0100111, 188.

8100011110 111, 884.

Phcgur 111, 810.

Ρ1100001,188.

 

